trajectory_udu(:,1) = [ -2.5202e+003; 6.0000e+001; 2.0915e+002; 0.0000e+000 ];
trajectory_udu(:,2) = [ -2.5561e+003; 5.9850e+001; 2.2353e+002; 1.3099e+000 ];
trajectory_udu(:,3) = [ -2.4941e+003; 6.0676e+001; 2.4927e+002; 4.7685e+000 ];
trajectory_udu(:,4) = [ -2.4866e+003; 6.0433e+001; 2.4970e+002; 5.5193e+000 ];
trajectory_udu(:,5) = [ -2.4739e+003; 6.0606e+001; 2.5415e+002; 7.3796e+000 ];
trajectory_udu(:,6) = [ -2.4565e+003; 6.1521e+001; 2.6078e+002; 1.0559e+001 ];
trajectory_udu(:,7) = [ -2.4515e+003; 6.0518e+001; 2.6250e+002; 1.0802e+001 ];
trajectory_udu(:,8) = [ -2.4311e+003; 6.1513e+001; 2.6406e+002; 1.2104e+001 ];
trajectory_udu(:,9) = [ -2.4203e+003; 6.1387e+001; 2.6773e+002; 1.3622e+001 ];
trajectory_udu(:,10) = [ -2.4183e+003; 5.9328e+001; 2.7045e+002; 1.3253e+001 ];
trajectory_udu(:,11) = [ -2.4098e+003; 5.6984e+001; 2.6548e+002; 8.8397e+000 ];
trajectory_udu(:,12) = [ -2.3999e+003; 5.6041e+001; 2.6457e+002; 7.5315e+000 ];
trajectory_udu(:,13) = [ -2.3791e+003; 5.6140e+001; 2.5579e+002; 3.3743e+000 ];
trajectory_udu(:,14) = [ -2.3691e+003; 5.4290e+001; 2.4827e+002;-1.0398e+000 ];
trajectory_udu(:,15) = [ -2.3628e+003; 5.3253e+001; 2.4832e+002;-1.2972e+000 ];
trajectory_udu(:,16) = [ -2.3449e+003; 5.4501e+001; 2.4589e+002;-1.0343e+000 ];
trajectory_udu(:,17) = [ -2.3339e+003; 5.5774e+001; 2.5394e+002; 3.5459e+000 ];
trajectory_udu(:,18) = [ -2.3143e+003; 5.8157e+001; 2.5842e+002; 7.2663e+000 ];
trajectory_udu(:,19) = [ -2.3026e+003; 5.8004e+001; 2.5926e+002; 7.6362e+000 ];
trajectory_udu(:,20) = [ -2.2863e+003; 5.9340e+001; 2.6392e+002; 1.0516e+001 ];
trajectory_udu(:,21) = [ -2.2707e+003; 5.9431e+001; 2.6141e+002; 9.8736e+000 ];
trajectory_udu(:,22) = [ -2.2687e+003; 5.6256e+001; 2.5393e+002; 4.8891e+000 ];
trajectory_udu(:,23) = [ -2.2592e+003; 5.5829e+001; 2.5463e+002; 4.9641e+000 ];
trajectory_udu(:,24) = [ -2.2444e+003; 5.6754e+001; 2.5823e+002; 7.1140e+000 ];
trajectory_udu(:,25) = [ -2.2405e+003; 5.4903e+001; 2.5541e+002; 4.7034e+000 ];
trajectory_udu(:,26) = [ -2.2341e+003; 5.3369e+001; 2.4962e+002; 1.7347e+000 ];
trajectory_udu(:,27) = [ -2.2331e+003; 5.1376e+001; 2.4651e+002;-9.3989e-001 ];
trajectory_udu(:,28) = [ -2.2265e+003; 4.9975e+001; 2.3823e+002;-4.3894e+000 ];
trajectory_udu(:,29) = [ -2.2197e+003; 4.8870e+001; 2.3106e+002;-7.1559e+000 ];
trajectory_udu(:,30) = [ -2.2087e+003; 4.9600e+001; 2.3534e+002;-5.0633e+000 ];
trajectory_udu(:,31) = [ -2.2012e+003; 4.9467e+001; 2.3659e+002;-4.7129e+000 ];
trajectory_udu(:,32) = [ -2.1865e+003; 5.0188e+001; 2.3623e+002;-3.8021e+000 ];
trajectory_udu(:,33) = [ -2.1712e+003; 5.1974e+001; 2.4793e+002; 1.0691e+000 ];
trajectory_udu(:,34) = [ -2.1619e+003; 5.2089e+001; 2.5134e+002; 2.0669e+000 ];
trajectory_udu(:,35) = [ -2.1525e+003; 5.1506e+001; 2.4642e+002; 4.1146e-001 ];
trajectory_udu(:,36) = [ -2.1448e+003; 5.0953e+001; 2.4355e+002;-7.5892e-001 ];
trajectory_udu(:,37) = [ -2.1374e+003; 5.0792e+001; 2.4561e+002;-4.4834e-001 ];
trajectory_udu(:,38) = [ -2.1293e+003; 5.0708e+001; 2.4734e+002;-1.4085e-001 ];
trajectory_udu(:,39) = [ -2.1166e+003; 5.0687e+001; 2.4356e+002;-8.1556e-001 ];
trajectory_udu(:,40) = [ -2.1146e+003; 4.9220e+001; 2.3498e+002;-4.3383e+000 ];
trajectory_udu(:,41) = [ -2.1033e+003; 4.9337e+001; 2.3360e+002;-4.3337e+000 ];
trajectory_udu(:,42) = [ -2.0884e+003; 5.0085e+001; 2.3637e+002;-2.6719e+000 ];
trajectory_udu(:,43) = [ -2.0733e+003; 5.0958e+001; 2.4164e+002;-3.8103e-001 ];
trajectory_udu(:,44) = [ -2.0677e+003; 5.0459e+001; 2.4038e+002;-1.2511e+000 ];
trajectory_udu(:,45) = [ -2.0582e+003; 5.0258e+001; 2.3786e+002;-1.8944e+000 ];
trajectory_udu(:,46) = [ -2.0443e+003; 5.1063e+001; 2.4494e+002; 5.8827e-001 ];
trajectory_udu(:,47) = [ -2.0294e+003; 5.1629e+001; 2.4807e+002; 2.0686e+000 ];
trajectory_udu(:,48) = [ -2.0212e+003; 5.1367e+001; 2.4718e+002; 1.5804e+000 ];
trajectory_udu(:,49) = [ -2.0120e+003; 5.1160e+001; 2.4554e+002; 1.0605e+000 ];
trajectory_udu(:,50) = [ -2.0008e+003; 5.1313e+001; 2.4728e+002; 1.6522e+000 ];
trajectory_udu(:,51) = [ -1.9909e+003; 5.1313e+001; 2.4816e+002; 1.8483e+000 ];
trajectory_udu(:,52) = [ -1.9835e+003; 5.0869e+001; 2.4441e+002; 5.8763e-001 ];
trajectory_udu(:,53) = [ -1.9775e+003; 5.0506e+001; 2.4306e+002;-2.0408e-001 ];
trajectory_udu(:,54) = [ -1.9678e+003; 5.0567e+001; 2.4450e+002; 1.5402e-001 ];
trajectory_udu(:,55) = [ -1.9564e+003; 5.0646e+001; 2.4468e+002; 3.7492e-001 ];
trajectory_udu(:,56) = [ -1.9391e+003; 5.1442e+001; 2.5172e+002; 2.8875e+000 ];
trajectory_udu(:,57) = [ -1.9280e+003; 5.1505e+001; 2.5280e+002; 3.2099e+000 ];
trajectory_udu(:,58) = [ -1.9158e+003; 5.1633e+001; 2.5408e+002; 3.6863e+000 ];
trajectory_udu(:,59) = [ -1.9068e+003; 5.1483e+001; 2.5353e+002; 3.3685e+000 ];
trajectory_udu(:,60) = [ -1.8974e+003; 5.1471e+001; 2.5499e+002; 3.5754e+000 ];
trajectory_udu(:,61) = [ -1.8844e+003; 5.1737e+001; 2.5863e+002; 4.6290e+000 ];
trajectory_udu(:,62) = [ -1.8732e+003; 5.1743e+001; 2.5902e+002; 4.7405e+000 ];
trajectory_udu(:,63) = [ -1.8673e+003; 5.1326e+001; 2.5584e+002; 3.5019e+000 ];
trajectory_udu(:,64) = [ -1.8563e+003; 5.1294e+001; 2.5539e+002; 3.4233e+000 ];
trajectory_udu(:,65) = [ -1.8444e+003; 5.1269e+001; 2.5427e+002; 3.2862e+000 ];
trajectory_udu(:,66) = [ -1.8381e+003; 5.1095e+001; 2.5485e+002; 2.9868e+000 ];
trajectory_udu(:,67) = [ -1.8276e+003; 5.1033e+001; 2.5402e+002; 2.7854e+000 ];
trajectory_udu(:,68) = [ -1.8186e+003; 5.0877e+001; 2.5226e+002; 2.2590e+000 ];
trajectory_udu(:,69) = [ -1.8095e+003; 5.0727e+001; 2.5037e+002; 1.7266e+000 ];
trajectory_udu(:,70) = [ -1.8021e+003; 5.0502e+001; 2.4788e+002; 9.3746e-001 ];
trajectory_udu(:,71) = [ -1.7920e+003; 5.0490e+001; 2.4784e+002; 9.3028e-001 ];
trajectory_udu(:,72) = [ -1.7820e+003; 5.0470e+001; 2.4772e+002; 8.9203e-001 ];
trajectory_udu(:,73) = [ -1.7726e+003; 5.0454e+001; 2.4812e+002; 9.1414e-001 ];
trajectory_udu(:,74) = [ -1.7611e+003; 5.0563e+001; 2.4994e+002; 1.4060e+000 ];
trajectory_udu(:,75) = [ -1.7505e+003; 5.0575e+001; 2.5021e+002; 1.4900e+000 ];
trajectory_udu(:,76) = [ -1.7401e+003; 5.0674e+001; 2.5293e+002; 2.0421e+000 ];
trajectory_udu(:,77) = [ -1.7287e+003; 5.0715e+001; 2.5352e+002; 2.2376e+000 ];
trajectory_udu(:,78) = [ -1.7185e+003; 5.0719e+001; 2.5417e+002; 2.3364e+000 ];
trajectory_udu(:,79) = [ -1.7056e+003; 5.0918e+001; 2.5813e+002; 3.2912e+000 ];
trajectory_udu(:,80) = [ -1.6956e+003; 5.0980e+001; 2.6076e+002; 3.7347e+000 ];
trajectory_udu(:,81) = [ -1.6871e+003; 5.0893e+001; 2.6045e+002; 3.4790e+000 ];
trajectory_udu(:,82) = [ -1.6785e+003; 5.0774e+001; 2.5905e+002; 3.0254e+000 ];
trajectory_udu(:,83) = [ -1.6687e+003; 5.0763e+001; 2.5974e+002; 3.0751e+000 ];
trajectory_udu(:,84) = [ -1.6576e+003; 5.0818e+001; 2.6144e+002; 3.4100e+000 ];
trajectory_udu(:,85) = [ -1.6478e+003; 5.0797e+001; 2.6194e+002; 3.4084e+000 ];
trajectory_udu(:,86) = [ -1.6360e+003; 5.0880e+001; 2.6418e+002; 3.8788e+000 ];
trajectory_udu(:,87) = [ -1.6280e+003; 5.0769e+001; 2.6313e+002; 3.4590e+000 ];
trajectory_udu(:,88) = [ -1.6185e+003; 5.0690e+001; 2.6195e+002; 3.1261e+000 ];
trajectory_udu(:,89) = [ -1.6091e+003; 5.0636e+001; 2.6144e+002; 2.9230e+000 ];
trajectory_udu(:,90) = [ -1.6009e+003; 5.0471e+001; 2.5803e+002; 2.1186e+000 ];
trajectory_udu(:,91) = [ -1.5919e+003; 5.0384e+001; 2.5632e+002; 1.7016e+000 ];
trajectory_udu(:,92) = [ -1.5819e+003; 5.0396e+001; 2.5718e+002; 1.8193e+000 ];
trajectory_udu(:,93) = [ -1.5717e+003; 5.0332e+001; 2.5540e+002; 1.4750e+000 ];
trajectory_udu(:,94) = [ -1.5612e+003; 5.0368e+001; 2.5669e+002; 1.7054e+000 ];
trajectory_udu(:,95) = [ -1.5511e+003; 5.0329e+001; 2.5576e+002; 1.5082e+000 ];
trajectory_udu(:,96) = [ -1.5414e+003; 5.0330e+001; 2.5638e+002; 1.5664e+000 ];
trajectory_udu(:,97) = [ -1.5316e+003; 5.0356e+001; 2.5787e+002; 1.7802e+000 ];
trajectory_udu(:,98) = [ -1.5220e+003; 5.0296e+001; 2.5636e+002; 1.4585e+000 ];
trajectory_udu(:,99) = [ -1.5135e+003; 5.0232e+001; 2.5522e+002; 1.1463e+000 ];
trajectory_udu(:,100) = [ -1.5044e+003; 5.0194e+001; 2.5459e+002; 9.6272e-001 ];
