trajectory_kalman = [
-2520.174864	-2556.067292	-2494.063363	-2486.597930	-2473.937957	-2456.459938	-2451.501894	-2431.082950	-2420.336457	-2418.333336	-2409.769901	-2399.935842	-2379.052958	-2369.051282	-2362.793187	-2344.929916	-2333.928139	-2314.253061	-2302.611425	-2286.304954	-2270.720109	-2268.665138	-2259.209489	-2244.379550	-2240.496869	-2234.067845	-2233.122475	-2226.497904	-2219.722365	-2208.720246	-2201.211067	-2186.498825	-2171.182451	-2161.905260	-2152.499917	-2144.750716	-2137.444044	-2129.289578	-2116.615413	-2114.648065	-2103.311886	-2088.382132	-2073.278940	-2067.729480	-2058.172048	-2044.319436	-2029.358129	-2021.215837	-2011.961456	-2000.787297	-1990.870002	-1983.491076	-1977.547208	-1967.779252	-1956.440995	-1939.133419	-1928.019870	-1915.788731	-1906.825920	-1897.372973	-1884.439126	-1873.173463	-1867.260631	-1856.282453	-1844.418458	-1838.076676	-1827.627621	-1818.603454	-1809.519010	-1802.088091	-1791.969854	-1782.006118	-1772.620212	-1761.092062	-1750.479135	-1740.103433	-1728.659357	-1718.477648	-1705.633796	-1695.619699	-1687.073287	-1678.490190	-1668.683685	-1657.592963	-1647.836714	-1636.039081	-1627.998513	-1618.544345	-1609.128021	-1600.919716	-1591.851181	-1581.851110	-1571.692295	-1561.155339	-1551.133476	-1541.435376	-1531.623087	-1522.043905	-1513.500780	-1504.419670	-1494.679948	-1484.210336	-1473.970334	-1464.319082	-1454.736396	-1444.392837	-1433.772654	-1425.009812	-1414.909513	-1404.567832	-1394.816606	-1384.651724	-1375.012545	-1366.807954	-1356.394279	-1346.233065	-1336.119785	-1326.217951	-1315.627275	-1304.137855	-1293.555304	-1283.830143	-1273.776207	-1264.714798	-1254.618998	-1244.852042	-1235.566320	-1226.531042	-1215.827137	-1204.836154	-1194.263420	-1183.693792	-1174.082397	-1164.795297	-1154.700677	-1144.102679	-1132.953159	-1123.273744	-1113.403485	-1103.257720	-1093.784192	-1083.292728	-1073.140016	-1062.779537	-1052.205324	-1041.849265	-1033.088712	-1023.476483	-1013.992879	-1004.324373	-994.164194	-983.801933	-974.078449	-964.288433	-953.982688	-944.011997	-933.846539	-924.335419	-913.718919	-903.700470	-894.726749	-885.213364	-875.188917	-865.206285	-855.941405	-845.974886	-835.972312	-826.151749	-816.090831	-806.682669	-795.839723	-785.191062	-775.624360	-765.433800	-755.973236	-746.349657	-736.441213	-726.807898	-716.649399	-707.325435	-697.670320	-687.625320	-677.524805	-668.134778	-658.851243	-649.453004	-639.509518	-628.781566	-618.874787	-608.610591	-598.087404	-588.755404	-578.757355	-568.849352	-558.207593	-548.616634	-538.868967	-529.587614	-519.686822	-509.593285	-499.532796	-490.146344	-480.240436	-470.487541	-459.967711	-449.884711	-440.219728	-430.254779	-420.013716	-410.352552	-400.524887	-390.376808	-380.591036	-370.869575	-360.123302	-349.322653	-339.332233	-329.108573	-318.742071	-308.778431	-298.683094	-288.291862	-278.482745	-269.108129	-259.485267	-248.828775	-238.681835	-228.184741	-218.698450	-208.579211	-198.887835	-188.521612	-179.029291	-167.794730	-157.603486	-146.939119	-136.687182	-127.061068	-117.288787	-107.006472	-97.561820	-87.832896	-77.999699	-68.146178	-58.804077	-49.451080	-39.558132	-29.535594	-19.563620	-9.214091	0.774297	11.541964	21.079968	30.399125	40.605333	50.333978	60.490759	70.522417	80.366477	90.267440	100.465744	110.422342	120.486666	130.530236	140.502574	150.637815	160.646133	170.667597	180.645196	190.662031	200.666845	210.683735	220.668443	230.725489	240.723375	250.717209	260.731823	270.739026	280.797841	290.780910	300.830310	310.900845	320.863478	330.810569	340.863542	350.829633	360.864080	370.846161	380.845552	390.813168	400.770801	410.880579	420.876515	430.932743	440.964570	450.987923	461.051042	470.929480	480.961307	490.952016	501.056944	511.141862	521.135513	531.318862	541.324581	551.402986	561.391878	571.342792	581.160962	591.272064	601.172030	611.114779	621.092462	631.082385	641.054765	651.175420	661.163836	671.054425	681.151953	691.019355	700.980901	710.845488	721.004599	731.036539	741.242681	751.024168	761.227349	771.205243	781.285764	791.233587	801.192714	811.163875	820.996423	831.004472	840.961920	850.998015	861.088669	871.052578	880.896833	891.045188	900.871810	910.833621	920.861158	930.723322	940.713574	950.673451	960.568263	970.618161	980.747312	990.700074	1000.625106	1010.446478	1020.158013	1030.219181	1040.085899	1050.038475	1059.816341	1069.990877	1079.956434	1089.977766	1099.954388	1109.710859	1119.783790	1129.590782	1139.513172	1149.511292	1159.540445	1169.544399	1179.654570	1189.681821	1199.665901	1209.483319	1219.442076	1229.437724	1239.480380	1249.500144	1259.419223	1269.496313	1279.278055	1289.163179	1299.440496	1309.315997	1319.216600	1329.056694	1339.092365	1349.093558	1359.088857	1369.236978	1379.112999	1389.200103	1399.307426	1409.425563	1419.415225	1429.362299	1439.383814	1449.441101	1459.402004	1469.299591	1479.417771	1489.605443	1499.638408	1509.612390	1519.486633	1529.607779	1539.660856	1549.592577	1559.504056	1569.550013	1579.516261	1589.218807	1599.162365	1609.171256	1619.356037	1629.265653	1639.376677	1649.355511	1659.426558	1669.582881	1679.465232	1689.383524	1699.408907	1709.371745	1719.474091	1729.391237	1739.316881	1749.355449	1759.611484	1769.599815	1779.514881	1789.520049	1799.595842	1809.680205	1819.576157	1829.504923	1839.589924	1849.755691	1859.779490	1869.815531	1879.820514	1889.779900	1899.660258	1909.736714	1919.579772	1929.681010	1939.371930	1949.335575	1959.299574	1969.230373	1979.236959	1989.152551	1999.264795	2009.440299	2019.457437	2029.575566	2039.792391	2049.926050	2059.973571	2069.884172	2079.800190	2089.756625	2099.660454	2109.738776	2119.862787	2130.049096	2140.088294	2150.085591	2159.926002	2169.698042	2179.649781	2189.582871	2199.557347	2209.708629	2219.622163	2229.630824	2239.849654	2249.793735	2259.683277	2269.767349	2279.413584	2289.508589	2299.470922	2309.500117	2319.512443	2329.623983	2339.728377	2349.607213	2359.751521	2369.501261	2379.615615	2389.681901	2399.937976	2409.684597	2419.839322	2429.785754	2439.706389	2449.884890	2460.086270	2470.057553	2479.920684	2489.821579	;
